- name: Work
  latitude: 59.311849
  longitude: 18.059367
  radius: 100
  icon: mdi:work
